time,x,y,z,phi,theta,psi,x_velocity,y_velocity,z_velocity,phi_velocity,theta_velocity,psi_velocity,rotor_speed1,rotor_speed2,rotor_speed3,rotor_speed4
0.06,-3.1107604843030206e-05,9.03837314590378e-06,10.004768054004183,0.002431355139052016,0.007007177128368625,0.0,-0.0018463786782215103,0.0005528848109471343,0.1589233991803337,0.015923194827245118,-0.030222423423859474,0.0,456.4134061350165,453.9954215962493,454.58318737104645,455.85705433609724
0.12000000000000001,-0.0003101383100916191,0.00010386230860750513,10.020091617651987,0.0034379453640145385,0.008202616440592614,0.0,-0.007572137175162488,0.002728916479281053,0.351820619159615,0.011969280296880274,-0.012383234651279053,0.0,465.0862102156886,466.48101280086445,465.360933125062,465.05126963391297
0.18,-0.0009945179645728139,0.00035108330127228536,10.046877554503087,0.004155302903399161,0.016594029022624746,0.0,-0.016246310837248343,0.00559685140407914,0.5409614252145493,0.009609925269077902,-0.046712907414462566,0.0,466.42208927672544,463.7335569571116,464.00714716827514,463.82179032027705
0.23999999999999996,-0.002353566464410191,0.000799608063075125,10.085374855145451,0.007111561813219147,0.014687714131177643,0.0,-0.028819761569970362,0.009720535472630723,0.7421743047249459,-0.008531086502604746,-0.03747208338773171,0.0,468.15554476647435,468.87293932058236,468.7507595607285,467.33905304578656
0.3,-0.004371203640547789,0.0015428641886359796,10.13228501044168,0.012231967330293969,0.013235115598249969,0.0,-0.038281853323083107,0.015536251966960969,0.8214413094412475,0.016294181964376098,-0.028827076652824614,0.0,430.9562585516523,431.6857143777035,429.388655231371,431.48926085173736
0.36000000000000004,-0.006970898684902419,0.0027345146819668805,10.184537796119603,0.014277146058492285,0.021559802810964257,0.0,-0.04918715734010982,0.024382188612385544,0.9202275561692622,0.026475832228018005,0.004728554086663613,0.0,436.03252022360675,438.82645823420546,436.67191632385516,437.5203055692185
0.4200000000000001,-0.010330615848377061,0.004475614697582356,10.240832211984591,0.01712061708094126,0.022977145044301928,0.0,-0.06292432957770282,0.03392959198851003,0.9562159887706767,0.0129456718595693,0.015253558375200014,0.0,415.8309383586919,416.7516921894948,418.391353894322,417.211913617158
0.48000000000000015,-0.014569726360350161,0.0068463176284351045,10.299870886453531,0.018361304859244143,0.02802744862015416,0.0,-0.07888268320169489,0.04520501361964391,1.011676851243622,0.019303001854597553,-0.00825451059711191,0.0,424.8980826033589,422.87810095658097,422.9850855804733,423.532061211599
0.5400000000000001,-0.01994946015315759,0.009980829215694664,10.365540796750304,0.019846265866630297,0.03060899622751112,0.0,-0.10074884568450129,0.05944981519975495,1.1771506696146028,0.011726923239603051,-0.02870702966688836,0.0,459.9667341369059,458.34442171895535,457.90808392167224,457.30499147465923
0.6000000000000002,-0.026641309143097282,0.013961306524786004,10.43884685861685,0.02223273576701157,0.03746472580033089,0.0,-0.12296738857027024,0.07348529765502056,1.2662612768579098,-0.0037342738595084564,0.0021992710381958085,0.0,434.08312408369505,436.66866879995627,435.26992424865585,433.9741355743462
0.6600000000000003,-0.03492310573436564,0.018907510458345145,10.521241053820004,0.022772506015651395,0.03760584770640918,0.0,-0.1531037725336955,0.09143631837630815,1.4799556859588296,0.004714576915675908,-0.0005943083442199649,0.0,473.5798533246149,473.3649235751546,473.0157998150707,473.6659448857825
0.7200000000000003,-0.044975403223775356,0.024929294090211045,10.615375765208913,0.025864753193975965,0.03760672891268069,0.0,-0.18196877267821343,0.10961530287513829,1.657616540668536,0.021914706424199522,-0.004207668407558318,0.0,463.35843260938833,463.0743457955441,462.61493479348576,463.9670850087152
0.7800000000000004,-0.05677637781719258,0.03211865189769935,10.720601030090855,0.027457493878285888,0.037831368801788834,0.0,-0.21140558446318397,0.1302005770139138,1.8495928693049266,0.026612345335682117,0.0022534543405488407,0.0,467.5975080599705,468.1005716599313,468.1023848519922,468.4678002025374
0.8400000000000004,-0.07016312019492532,0.040455136159251365,10.832152659766761,0.034122332991105786,0.04080631418108549,0.0,-0.23510446616701217,0.14830413131045084,1.868729752315801,0.0007219666112810164,-0.017445386609717957,0.0,415.3933225837559,413.6624281432552,414.96518023373955,412.68634279614355
0.9000000000000005,-0.08516602367533589,0.05010255263086649,10.948494407690635,0.034653835955817947,0.041476506450489836,0.0,-0.26504212478621525,0.17333443654930697,2.009083117434904,-0.008225365322810235,-0.0042415891407943844,0.0,452.74287381431765,453.80402098125705,453.5714154122257,452.85236368452587
0.9600000000000005,-0.10194396942158786,0.06119339386015506,11.07075181924375,0.040566737289081445,0.06164710319982003,0.0,-0.29610020656256253,0.1968924142638165,2.0659405507355064,0.01832734487674438,0.044080622495418206,0.0,425.70852540012885,429.82330999976585,425.9562394363321,428.22082823931066
1.0200000000000005,-0.12090461264136053,0.07381092817926622,11.196208051809446,0.048586705452390966,0.06446529810171242,0.0,-0.3361805670009989,0.22441912307727796,2.115784805822881,0.0459695429905431,0.0475966738808006,0.0,425.5358915040108,425.8380398727185,424.34508053292404,426.7115388658507
1.0800000000000005,-0.14233936865850846,0.08822762610522984,11.324860599096002,0.051624333297398906,0.06737317702242329,0.0,-0.3785884287769723,0.2564154881321366,2.172483754602088,0.05068326542536056,0.04362332438234035,0.0,428.4604766485438,428.1239075544664,427.8602054885567,428.2627759353999
1.1400000000000006,-0.16649040665430484,0.10469809617690554,11.45830153852522,0.05547210116422363,0.07510064385420723,0.0,-0.4272525289860867,0.29296957806400226,2.275254010351168,0.05939524071085125,0.017631043573465593,0.0,443.95029802413626,441.8131167882858,443.38452277363774,444.10156404164036
1.2000000000000006,-0.19389830971098002,0.12360019163339399,11.600567337474736,0.06153910130893703,0.07634096276998026,0.0,-0.48646783805389543,0.3377568769637478,2.4664754129655546,0.07556825972234868,0.011600394926792653,0.0,472.01766118901577,471.55194019146995,469.53171288997083,470.78756151471396
1.2600000000000007,-0.22508736009036653,0.14551371260573753,11.756885234939757,0.07194610568950033,0.07758190156376443,0.0,-0.553272582234012,0.39395216051653137,2.7433725332861645,0.10094197879771022,0.01857532899939007,0.0,495.538096919682,496.05040692138886,496.7375024245061,498.5996566362081
1.3200000000000007,-0.26030065913047234,0.17104245258865852,11.929426832090314,0.08175471441305238,0.08082954711833157,0.0,-0.6208872384679044,0.4582171292002529,3.007189655493659,0.07848834478592112,0.0013311560718184184,0.0,495.12755194791396,493.8571666231966,495.43896573958637,493.79181406441677
1.3800000000000008,-0.29919955343608057,0.2001930459076066,12.11223792014513,0.0865043616806016,0.08347519459423225,0.0,-0.6760098593835883,0.5139125727240795,3.0862084826492397,0.07979439981910483,-0.0174566794284978,0.0,441.4283818704621,439.87530717594797,440.7665302457322,440.87949455864856
1.4400000000000008,-0.3411918088873836,0.2324892710163176,12.296454750603175,0.09159420209154145,0.08991704754093366,0.0,-0.7243006093870272,0.5630406692144655,3.0543199185639414,0.084734115812169,-0.04865932082812301,0.0,405.25780486083954,402.44288359617366,405.06613383198,405.51619336217294
1.5000000000000009,-0.3864231332633283,0.2680974809315123,12.48147033738843,0.10470672229750289,0.09217009968111611,0.0,-0.7835943481462609,0.6251051292634074,3.1125276676349234,0.11459567520851517,-0.024916526119499672,0.0,433.6505632424135,435.63949578366277,433.8494492054878,436.3574131451484
1.560000000000001,-0.43549350477570775,0.30789150271385496,12.67199064424059,0.11429795780964191,0.1060460939657748,0.0,-0.8534768336971162,0.7023324901602128,3.237478654926819,0.09530352023884915,0.01684808588775531,0.0,454.9846624932839,458.3162690286608,457.71533248022115,456.18736181939175
1.620000000000001,-0.48897974460045157,0.35247032849088655,12.86965105780142,0.1204310450270043,0.10817874318809828,0.0,-0.9296034907224912,0.7842195112247152,3.3507088954938835,0.08694566670805401,0.003983950640213128,0.0,454.75597349438107,453.72421953230025,455.0642204997886,454.40169877227095
1.680000000000001,-0.5468746832470065,0.4018657241562267,13.07226187604774,0.12625296864431323,0.1088833692181943,0.0,-1.0002792891781431,0.8628199683284903,3.4026921876735905,0.07713914143276025,0.010354357486243011,0.0,436.106056148455,436.63776234452195,436.1799017536151,435.3660020005744
1.740000000000001,-0.6092282846999891,0.45627991752047514,13.279521396052465,0.13090118361062952,0.11799421662859277,0.0,-1.0790457358214651,0.9513906264081217,3.505393462571933,0.07398288795063149,0.04109470675976862,0.0,452.1041479778916,454.5743594473831,452.644661662949,452.3950330840367
1.8000000000000012,-0.676762967888374,0.5164152017524971,13.495297560434715,0.13536940893136062,0.12046861602197456,0.0,-1.1723295621353542,1.053520828871243,3.6863725370903304,0.07500759470547298,0.041471373156755816,0.0,478.18295146306497,478.21241215283175,477.6058127314277,477.68785925131976
1.8600000000000012,-0.7493365254107679,0.5820853093152679,13.716851317012393,0.13997943055754103,0.12348405658801287,0.0,-1.2470555137291468,1.1358617388218446,3.698538661203384,0.06998759012838549,0.048314736787000094,0.0,426.686223063483,427.27126083747015,426.34882101651476,425.92410385354117
1.9200000000000013,-0.8271877666953622,0.6535878167829346,13.94478482495462,0.14699238576263873,0.13170020766723134,0.0,-1.3488350594817125,1.248206549263906,3.8981982258352175,0.08720139039411046,0.07240300335291312,0.0,485.21799186809085,487.02501224368825,484.39053621214504,485.68738505854213
1.9800000000000013,-0.9104573935855726,0.7310256987646003,14.17817835179743,0.15396733147780317,0.13603241996393134,0.0,-1.4272032407004733,1.3336289407270476,3.8813919482917703,0.0714893425302077,0.07127265301262166,0.0,419.6733657554926,419.57957027403586,420.26954535179055,418.91126582805396
2.0400000000000014,-0.9986823773764356,0.8139218200301405,14.411782282735453,0.16717918422216105,0.14032112695175147,0.0,-1.5140119868560575,1.4307480304316844,3.9049247834616665,0.037545440968924586,0.07178183193657915,0.0,433.8127516966094,433.8595686078645,434.8771720844266,432.0270537883338
2.1000000000000014,-1.092507905203259,0.9032274523660898,14.648823190477904,0.17748825212770925,0.14716448919100156,0.0,-1.6141343499242173,1.5470558200776383,3.9956547511679217,0.005229393737593157,0.08806893403958985,0.0,455.1953149459352,456.5015142999204,458.10832044878515,455.5314389722897
2.1600000000000015,-1.1916002394952923,0.9986599576228453,14.885440459461945,0.18770762883179426,0.1524405867719869,0.0,-1.6893877786133602,1.6347970745776967,3.8916171914542748,-0.03046861597898824,0.08755882834470098,0.0,392.7963878514841,392.75659943980753,393.1289144984924,389.80669934268116
2.2200000000000015,-1.2960298776449273,1.1003289393353943,15.1203332066568,0.18634511502976014,0.16447269465718328,0.0,-1.7926857857622245,1.7539079129250934,3.937643143820173,-0.039239299667799106,0.11490415076867042,0.0,443.03766774374947,445.28858839892933,443.64200186238116,442.9207466587104
2.2800000000000016,-1.4068859589175948,1.2090937831023614,15.357768676060497,0.19278851675222786,0.1820004224596392,0.0,-1.9041480745360162,1.8719930420666957,3.976087789933243,-0.007925257956406579,0.07796194263381737,0.0,444.6402297732805,441.6123904355781,440.7430668425817,443.3235272121909
2.3400000000000016,-1.5249411909256372,1.3252523468543012,15.598604876649313,0.19235941849797555,0.18699206491861275,0.0,-2.031479219932734,1.9997520509245996,4.051219273721802,-0.0064775923710907015,0.0705075047771933,0.0,455.87354841249316,455.2817790383812,456.0885871814881,456.20432127393485
2.4000000000000017,-1.650228315107909,1.4485389397030124,15.84124446535953,0.1941695504162526,0.19288958313969928,0.0,-2.1452919534193264,2.10987074333401,4.036488267294547,-0.02396547201085622,0.05511242670403956,0.0,427.83097176632026,426.5213730258256,428.87306400702727,427.3850280731297
2.4600000000000017,-1.7826187109896765,1.5786347670220515,16.083821073646266,0.20204530810812305,0.19677239345519837,0.0,-2.2680711080134937,2.22721468799732,4.048904544588935,0.008287195874409615,0.045511625976083936,0.0,438.1602823817723,437.3630766060316,435.81124250632473,438.4991261999396
2.520000000000002,-1.922491491171216,1.7159264220011432,16.327285769078344,0.20599677411543116,0.19981691779019783,0.0,-2.394632945926773,2.3493802133490704,4.0661573564683815,0.027481972982074398,0.03805841231028297,0.0,440.4280359019012,439.8121333340161,439.31418276528433,440.90302133401167
2.580000000000002,-2.0696727981579937,1.8602587244206847,16.570068084995818,0.21234514237369506,0.20218323299980945,0.0,-2.5116544167517754,2.4621122691136295,4.026358545244341,0.05005939797592806,0.033485137701119536,0.0,422.05395947829356,421.65969294785793,420.7837238489665,422.7346329932903
2.640000000000002,-2.22427134843251,2.0117890826783884,16.812049977939417,0.21637591621992414,0.20591253392341535,0.0,-2.64195453180307,2.589099587200835,4.039248477687557,0.06002627179139371,0.04670241648839895,0.0,440.06160163126646,441.1551875370332,439.3949359688063,440.22246138561144
2.700000000000002,-2.3867218893663673,2.1709465479327292,17.054546907582367,0.2208214340927519,0.20959043162347424,0.0,-2.7734071414066364,2.7163964484096637,4.0435258524884565,0.04869116466927282,0.035180805103553106,0.0,438.92153665866266,437.96521005154995,438.8262792669247,437.88642416006627
2.760000000000002,-2.5581219022013797,2.3388519800733674,17.30177645136201,0.2334705230620795,0.2120467247909117,0.0,-2.9400465498509822,2.881503718994171,4.196063688987197,0.08167787719370141,0.040529958603130516,0.0,485.806308172371,486.20778700733194,485.9257455821017,488.394819303018
2.820000000000002,-2.738697003512872,2.515943058302058,17.554020851590106,0.2422470498459477,0.21609874528301543,0.0,-3.079486196186611,3.022103006703312,4.211379921739198,0.10207694337316943,0.025334524770737693,0.0,446.5225639447802,445.28157987269657,445.65146240350765,447.32249364671884
2.880000000000002,-2.9282213928303125,2.702152069504489,17.809344180716135,0.24841815246655408,0.21766127442989625,0.0,-3.2380763928941154,3.185199736061717,4.298445890440096,0.09822680078749507,0.02157803798871574,0.0,471.2505478957665,470.96008324571164,470.5959821459474,470.3059861380785
2.940000000000002,-3.1272134346034153,2.8981393402564266,18.069413655251537,0.254388292838601,0.2197438247199237,0.0,-3.395122318284824,3.348006620254114,4.369621125673282,0.09376653423463603,0.0301751037377668,0.0,467.66355239995397,468.3328696982475,467.7607082126457,467.42067158744646
3.000000000000002,-3.3356811849306913,3.1039898405025865,18.333659777546718,0.26393206140115577,0.22225924380247353,0.0,-3.553980654292475,3.514276821547415,4.437505273936104,0.11428166096001713,0.019699765371276382,0.0,469.7021017071416,468.8889901107062,467.53650627940885,469.14062388004845
3.0600000000000023,-3.553759690775264,3.31998851699891,18.601963143751757,0.2712224581988174,0.22419273175020837,0.0,-3.7154273933623205,3.6860627804840087,4.50490677516898,0.10576921757539776,0.008927877405350337,0.0,470.99098882179584,470.15689675817714,471.6097905892267,470.96196254250697
3.1200000000000023,-3.781291585054946,3.5460729213380064,18.873038556492503,0.27920441975732224,0.2250799945926536,0.0,-3.8690248208032347,3.8505157796388403,4.5301263208407905,0.11863046595282836,0.01433324091512912,0.0,459.83870198211036,460.2666530971616,458.60781946709193,459.6387196389911
3.1800000000000024,-4.01686362598049,3.780671571871945,19.14046725445642,0.28631098346390615,0.22675095792877542,0.0,-3.9836880094134925,3.969860500545139,4.384298513944658,0.11772993849319591,0.0031956159151364017,0.0,402.8764780016313,401.86782905401947,401.6742727477951,401.60679235256885
3.2400000000000024,-4.260725014958995,4.024176152732018,19.404787623353677,0.2933718907668199,0.2270048790615613,0.0,-4.1450202406603465,4.14727376593213,4.425476210053477,0.11757567042479375,-0.0009879322233546219,0.0,466.65893292266657,466.33215508962525,466.2754003236361,466.27506050058435
3.3000000000000025,-4.513669319424106,4.277640772124675,19.668932981451228,0.3004736894911808,0.22694720826431336,0.0,-4.286537602562728,4.301903337330387,4.378951322215535,0.11370792692205936,-0.0009101893464392675,0.0,439.99260645053556,439.99906567416843,438.62428415799116,438.31519376159
3.3600000000000025,-4.775336933955781,4.540740104891806,19.931083072541618,0.31063198336672393,0.22751826804999364,0.0,-4.435793086890097,4.468666160820773,4.358640480933897,0.09246379836322477,0.00663746659730636,0.0,448.62574125607557,449.23827035519537,450.35482711960975,448.642711690593
3.4200000000000026,-5.046041324970662,4.8140288036798236,20.192119233237147,0.3174604069675091,0.22904486628512988,0.0,-4.587844450116051,4.641219144768962,4.341875157693871,0.07880882029932601,0.017135419450870076,0.0,450.73127588861104,451.578966216744,453.40074628646903,452.3083890435829
3.4800000000000026,-5.325089422265726,5.096611895075817,20.448667555838853,0.3228009567505268,0.23408819303041906,0.0,-4.7142591660444335,4.778413521238542,4.209665260065613,0.0689548235938874,0.0379185950482712,0.0,411.8197470789725,413.65464894793826,413.9570217403916,413.0937257772227
3.5400000000000027,-5.611907499634091,5.387584523633319,20.697610801206217,0.33047989561125757,0.2363775337520746,0.0,-4.846677781138883,4.921012508353929,4.088289042852449,0.0884047557660644,0.038492509512587404,0.0,417.46437173030597,417.5152616737598,416.2746863712446,417.97856623684777
3.6000000000000028,-5.906517428715491,5.686878896245417,20.938371696456503,0.33584428468505934,0.23878042777862252,0.0,-4.97403953968834,5.055672784117061,3.9371578663222166,0.08426247744490324,0.040847819230772,0.0,406.9763025207865,407.18804547332087,406.3613190148402,405.9967777208646
3.660000000000003,-6.209427558410497,5.9950806609085365,21.17230564321285,0.3440674453509853,0.24279190556922092,0.0,-5.123359036017456,5.218000858395521,3.8600879913472887,0.10259471677183447,0.05338487903614939,0.0,433.2661709051644,434.32043293099184,432.6175419559427,434.1658446945322
3.720000000000003,-6.521293055009646,6.3129583751919425,21.401178912084767,0.3503161961589569,0.24671264637504908,0.0,-5.272572724659738,5.37805637080849,3.7686100238760534,0.10494507027961676,0.06154182402642387,0.0,428.75201120887044,429.44690381643625,430.3216254582839,430.53026078656205
3.780000000000003,-6.843596585879751,6.642411768119707,21.62965727362622,0.36662065298514346,0.2512212470656694,0.0,-5.47113140142268,5.604637242365664,3.845218912980578,0.06906926060421568,0.05037295355639197,0.0,488.5609559745718,487.7293225775411,488.69609479811425,486.0206238135521
3.840000000000003,-7.177006839309653,6.984393720249854,21.859235731836925,0.3707598641304335,0.25481447731998763,0.0,-5.642890476100844,5.794588368194899,3.806681127335012,0.06694817059873459,0.05753585121736131,0.0,453.1337521478643,453.7111035772088,454.31032669867324,454.1435944726305
3.900000000000003,-7.5209796058817515,7.337997732167024,22.087017048387267,0.3763098600598278,0.25825900541765456,0.0,-5.823181481373873,5.992089173572006,3.7851104614069087,0.07936440961446668,0.05561024164091274,0.0,462.53292090261266,462.3832844614063,459.6524906229555,460.63934799992467
3.960000000000003,-7.875209536501387,7.702564194438317,22.31108298283304,0.38756065746684953,0.2664605673064555,0.0,-5.985099629977494,6.160470032507378,3.6828255314778873,0.050233486444471405,0.0786014841274868,0.0,434.5890101129346,436.5154346786897,437.0715466105861,434.64009158506184
4.020000000000002,-8.240003258207249,8.078227586769446,22.53116149325152,0.39205116664480855,0.28320823612818646,0.0,-6.1759409006078,6.361122633981084,3.651570809526949,0.035668337894697894,0.03938490861955644,0.0,464.5190601419958,461.4358130484574,463.39326947804324,462.24772204716675
4.080000000000001,-8.615972612772326,8.465210049353574,22.747548714596928,0.39987238194186236,0.2855922701957532,0.0,-6.35666137641152,6.538391503455333,3.560641651239723,0.008330624848329927,0.04017297768208397,0.0,444.66749925757193,444.7328640183119,446.91135811874597,444.67709465499445
4.14,-9.003109770718117,8.863162988702298,22.959162439555733,0.400879009093277,0.2898346734572197,0.0,-6.548343565921858,6.726155790073745,3.4925884701958982,0.01502079449477036,0.05384833663899984,0.0,453.57853808453734,454.6769030040034,455.03219056542457,455.56747368355605
4.199999999999998,-9.402037211475687,9.272532364715719,23.167160627840172,0.4060468701167803,0.29653180329593454,0.0,-6.749779314563643,6.919127637426345,3.4396131927484825,0.03647979057728636,0.03221800170168232,0.0,463.3520782560381,461.64921018459086,459.85334726216934,461.5505908880523
4.259999999999997,-9.813185091620099,9.693421490680661,23.371814081935558,0.4084338486070571,0.3071002557955884,0.0,-6.9559566088998785,7.109827998083408,3.381036738566906,0.040301887276120725,-0.0011951879608153443,0.0,463.8040299897669,461.1716032806559,461.786092949921,462.08819863860083
4.319999999999996,-10.237214560428527,10.126096281242846,23.5738351640271,0.410874704099923,0.30728202518170367,0.0,-7.178461645068118,7.312127176245827,3.3521752665009856,0.03705973850711011,-0.008039382530083065,0.0,475.4426243153295,474.91786939325846,474.1129921970907,473.86441774889994
4.379999999999995,-10.672942454843213,10.568684906992077,23.769102208804814,0.4151668073796788,0.31224344883416677,0.0,-7.346440464246672,7.440708238093746,3.1567525760710526,0.051660233104077496,0.01634765515083057,0.0,416.3702398322162,418.4991057917551,414.9808848828546,416.26209440404085
4.439999999999993,-11.119738779183571,11.020049075126506,23.95508808176243,0.42122181054556584,0.3140497054607012,0.0,-7.547114385351352,7.604604316769718,3.0422336397406524,0.06933017824444089,0.025171954726825534,0.0,445.995484906031,446.7158253040345,446.6140991769533,448.05572650924074
4.499999999999992,-11.577984275726612,11.480372667811274,24.132226018692908,0.425392314404621,0.3166864091280388,0.0,-7.728294475497849,7.739352455730546,2.8623261142935497,0.06978026889550121,0.01228399837720423,0.0,424.0635805240145,422.95469354572657,424.10674106459703,424.1493277741599
4.559999999999991,-12.0486068806872,11.950528923835144,24.30242656931635,0.43675115406402654,0.3185492393957645,0.0,-7.9592750299179365,7.932551643137564,2.809601223606358,0.09794104535410796,-0.0006007910529946658,0.0,471.553851040288,470.5570553088698,469.0068608088409,471.19433126494545
4.6199999999999894,-12.532044029560426,12.430897405804798,24.46622923060433,0.4462503164099152,0.3215739469666081,0.0,-8.15574055312881,8.079759386794175,2.6499188117837407,0.11762494637151052,0.017401601139771815,0.0,434.5147258236903,436.02178026201324,434.4620328462642,436.1196484100926
4.679999999999988,-13.02780175208468,12.92067421215204,24.621525348485687,0.4548104088752023,0.324267205543447,0.0,-8.369887047839985,8.245996829574784,2.525799181550097,0.129905744064366,0.03032029278109448,0.0,449.55564355318404,450.6015803319805,449.3595414026543,450.3675003565616
4.739999999999987,-13.535931227662259,13.41967183732151,24.767733107989333,0.4627545682615981,0.3261354102866614,0.0,-8.568246127368923,8.38719709973516,2.3474425721319103,0.13311167645135352,0.031825476868909214,0.0,431.6235974526973,431.7510045435295,431.42437814655074,431.7113753214635
4.799999999999986,-14.057521754988905,13.929063921562438,24.907011173471112,0.47374462365354386,0.3292589233940397,0.0,-8.81829790767651,8.59229273835146,2.293469607707688,0.15093297319602683,0.018496122304058952,0.0,479.72313756100687,478.70973966370155,476.6920813884963,478.06888425265544
4.859999999999984,-14.593891958066699,14.450406579217224,25.04203014900119,0.4961476090651118,0.33166488003198946,0.0,-9.060687006698153,8.786345771117407,2.2049080516257034,0.1897703816407744,0.029825322415941487,0.0,470.11668442489133,470.9940059338917,469.30880114805007,472.33868313236763
4.919999999999983,-15.144456794594694,14.982990402975894,25.170405744257593,0.5082257437347479,0.33386214431633743,0.0,-9.291734598697607,8.966330889007766,2.073049101883733,0.1793782499851063,0.03572233741934725,0.0,459.8946685297544,460.36201399537373,460.0574449087125,459.2660309961766
4.979999999999982,-15.70884536653783,15.526200135883144,25.290366110230146,0.5204382263491691,0.3404639263307567,0.0,-9.521634605924268,9.14035386913669,1.9242104661160855,0.19142153438117782,0.05768357282907983,0.0,455.5402212374081,457.2946288500731,456.781033428094,457.77232318515127
5.0399999999999805,-16.286812994092656,16.07937391544458,25.400382827104952,0.5340594271472083,0.3445705803038219,0.0,-9.74433731289578,9.298637834826502,1.7418728433309014,0.20627485872420023,0.04759970838213972,0.0,448.4256595043668,447.60738535572835,446.7683678988448,448.01563419211817
